   2.3381999999999978e+00   0.0000000000000000e+00  -3.9968028886505635e-15   0.0000000000000000e+00
   1.1691000000000019e-01   0.0000000000000000e+00   1.1691000000000019e-01   0.0000000000000000e+00
   5.8668297770878546e-03   0.0000000000000000e+00   5.8455000000000121e-03   0.0000000000000000e+00
   2.9547446656317736e-04   0.0000000000000000e+00   2.9547446656317736e-04   0.0000000000000000e+00
   1.4934067305909118e-05   0.0000000000000000e+00   1.4933696656317675e-05   0.0000000000000000e+00
   7.5744238375766541e-07   0.0000000000000000e+00   7.5744238375766541e-07   0.0000000000000000e+00
   3.8547948629051982e-08   0.0000000000000000e+00   3.8547940961664427e-08   0.0000000000000000e+00
   1.9683196876871767e-09   0.0000000000000000e+00   1.9683196876871767e-09   0.0000000000000000e+00
   1.0083041104847714e-10   0.0000000000000000e+00   1.0083041088931645e-10   0.0000000000000000e+00
   5.1813717624502908e-12   0.0000000000000000e+00   5.1813717624502908e-12   0.0000000000000000e+00
   2.6705986786358373e-13   0.0000000000000000e+00   2.6705986786089080e-13   0.0000000000000000e+00
   1.3804945196650806e-14   0.0000000000000000e+00   1.3804945196650806e-14   0.0000000000000000e+00
   7.1560473635160604e-16   0.0000000000000000e+00   7.1560473635159924e-16   0.0000000000000000e+00
   3.7194075602526197e-17   0.0000000000000000e+00   3.7194075602526197e-17   0.0000000000000000e+00
   1.9381426992692770e-18   0.0000000000000000e+00   1.9381426992692797e-18   0.0000000000000000e+00
