   4.0337774320408647e-14  -6.3993600000020556e-01   4.0700064551537732e-14  -2.0561330416057899e-13
  -7.5311184151226300e-10  -2.8106584260483933e-02  -7.5381032519985873e-10  -2.8132652053443934e-02
  -6.6154805925007374e-11  -1.2079954489982679e-03  -6.6154748978502307e-11  -1.2344662579721404e-03
  -4.2649122499355925e-12  -5.0730945183028474e-05  -4.2648255720866767e-12  -5.0727710231307147e-05
  -2.3881219924583401e-13  -2.0769267103401588e-06  -2.3881221336953609e-13  -2.0749540199276415e-06
  -1.2221225553179744e-14  -8.2595789449394901e-08  -1.2221236319028513e-14  -8.2596191272900766e-08
  -5.8322046124300098e-16  -3.1730287699331500e-09  -5.8322045861136179e-16  -3.1732039264646000e-09
  -2.6139402352245996e-17  -1.1670006433984543e-10  -2.6139401013975675e-17  -1.1670001438550144e-10
  -1.0987140782466576e-18  -4.0452736633955764e-12  -1.0987140786828632e-18  -4.0452567171822742e-12
  -4.2846369348217001e-20  -1.2813549173161266e-13  -4.2846369514686447e-20  -1.2813549794633811e-13
  -1.5079712174822651e-21  -3.4373936375030546e-15  -1.5079712174144276e-21  -3.4373953630370173e-15
  -4.4498520580936412e-23  -5.7572737300274931e-17  -4.4498520560219000e-23  -5.7572736526710901e-17
  -8.1305844453089205e-25   1.3023260840541338e-18  -8.1305844454102389e-25   1.3023262658039110e-18
   1.9924463759460405e-26   2.0749313817704367e-19   1.9924463756881492e-26   2.0749313808073042e-19
   3.4186557083930522e-27   1.4691703542719839e-20   3.4186557083945237e-27   1.4691703523113698e-20
